1,94.7114093959731,181.697986577181
1,130.065606361829,193.316103379722
1,115.5,119
1,125,168.5
1,131.21186440678,286.991525423729
1,133.211678832117,240.890510948905
1,140.85447761194,128.585820895522
1,156.266949152542,273.389830508475
1,159.5,247.5
1,190.70611183355,110.759427828349
1,180.633333333333,281.366666666667
1,188.366666666667,275.366666666667
1,190.325,285.975
1,196.066666666667,297
1,230.69441277081,274.09007981756
1,248.563829787234,137.56914893617
1,247,164
1,270.331896551724,229.331896551724
1,265.717391304348,275.619565217391
1,283,247.288888888889
1,293.315677966102,183.463983050847
2,102.896551724138,162.827586206897
2,138.606015037594,272.82030075188
2,129.445205479452,215.209589041096
2,138.784615384615,158.528205128205
2,140,252
2,159.84555984556,171.57528957529
2,180.804347826087,138.619565217391
2,188.5,104.214285714286
2,190.217391304348,139.695652173913
2,191.5,282.5
2,224.189189189189,287.890202702703
2,219.722222222222,116.277777777778
2,223.206896551724,106.965517241379
2,242.5,169
2,266.523333333333,182.213333333333
2,257,244.8
2,269.5,237
2,284.760869565217,252.569565217391
2,274.5,153.214285714286
2,283.323770491803,208.840163934426
3,133.5,113.5
3,142.950495049505,249.450495049505
3,189.396181384248,296.646778042959
3,208.774509803922,105.096078431373
3,246.226781857451,119.278617710583
3,252.333333333333,187.666666666667
3,267.666666666667,165.666666666667
3,268.615384615385,254.615384615385
3,282.042586750789,176.209779179811
4,129.5,106
4,148.639902676399,281.347931873479
4,183.294117647059,296.764705882353
4,188.827586206897,274.103448275862
4,205.947368421053,110.186403508772
4,249.694189602446,158.613149847095
4,246.491289198606,253.303135888502
4,254.757142857143,213.814285714286
4,256.5,264.5
4,270,152.714285714286
4,282.738993710692,217.820754716981
5,105.611111111111,195.12962962963
5,133.519517388219,258.347054648687
5,128.404109589041,192.986301369863
5,139.766666666667,133.7
5,141.5,114
5,192.181229773463,112.26213592233
5,192,282
5,216.793103448276,258.034482758621
5,233.518262586377,281.114511352419
5,266.299112801014,186.361216730038
5,272,231.5
5,289.202702702703,250.337837837838
6,116.719714964371,203.465558194774
6,114.25,233.25
6,120.3,158.7
6,136.152112676056,235.738028169014
6,150.327868852459,160.409836065574
6,170.861111111111,291.388888888889
6,187,119
6,191.34375,285.197916666667
6,199.836231884058,102.176811594203
6,202.375,128.15625
6,204.4375,261.0625
6,205,241
6,217.325581395349,244.674418604651
6,236.676268861454,278.637860082305
6,236.201086956522,122.217391304348
6,267.406392694064,127.24200913242
6,279.802694136292,256.797147385103
6,280.843793584379,189.034867503487
7,127.397959183673,197.304421768707
7,146.976588628763,148.943143812709
7,142.359066427289,279.089766606822
7,186.038961038961,283.675324675325
7,191.361266294227,120.372439478585
7,201.5,132.785714285714
7,215.5,135
7,215,89.5
7,217.5,110
7,225.653846153846,279.653846153846
7,265.077586206897,269.821120689655
7,266.054298642534,129.289592760181
7,284.647773279352,236.050607287449
7,279.424657534247,186.164383561644
7,285.5,166
8,109,232.777777777778
8,117.447368421053,198.117224880383
8,137.230088495575,237.529498525074
8,173.394184168013,273.182552504039
8,179,253
8,204.606299212598,111.661417322835
8,204.754716981132,282.075471698113
8,231.375796178344,281.898089171975
8,260.349367088608,125.203375527426
8,257.157894736842,234.842105263158
8,285,178.072948328267
8,286,247
9,122.479933110368,196.182274247492
9,123.785714285714,159.952380952381
9,142.416666666667,257.092948717949
9,198.769784172662,131.553956834532
9,246.09632034632,123.563852813853
9,275.262096774194,172.782258064516
9,295.988636363636,239.636363636364
10,122.44170771757,213.275862068966
10,115,191
10,133.5,150.5
10,139.333333333333,257.111111111111
10,139,275.75
10,143.888888888889,140.555555555556
10,163.047244094488,252.236220472441
10,177.202127659574,128.465425531915
10,200.242105263158,280.382456140351
10,218.32,138.78
10,237.666666666667,124.775641025641
10,233.333333333333,265.666666666667
10,262.5,166
10,284.706563706564,232.911196911197
11,99.5,213
11,113.422222222222,212.8
11,140.826306913997,255.225969645868
11,178.258741258741,286.958041958042
11,200.846153846154,106.8
11,215.444444444444,104.955555555556
11,264.322784810127,132.30253164557
11,281.382608695652,173.388405797101
11,295.803921568627,218.666666666667
11,294.5,233
11,305.52380952381,213.095238095238
12,119.041420118343,249.715976331361
12,144.379941434846,141.756222547584
12,166.970588235294,267.102352941176
12,157,281.5
12,159.142857142857,297.555555555556
12,236.086904285142,120.240688826592
12,228.537430167598,301.478212290503
12,280.078635014837,237.707715133531
12,298.578947368421,186.026315789474
13,113.816249050873,189.015186028853
13,133.731774415406,132.881705639615
13,151.085365853659,289.576981707317
13,137.084175084175,237.20202020202
13,131.906666666667,97.48
13,193.202662721893,94
13,209.508379888268,310.765363128492
13,226.5,209.5
13,238.345718901454,270.179321486268
13,251.571865443425,104.018348623853
13,287.765799256506,186.061338289963
13,287.051075268817,237.239247311828
14,84,241.75
14,133.651795429815,131.63084874864
14,113.468982630273,222.451612903226
14,124.136363636364,312
14,165.987012987013,68.1298701298701
14,208.330973451327,327.120353982301
14,236.347222222222,327.013888888889
14,247.30612244898,252.877551020408
14,277.668555240793,296.726628895184
14,295.024242424242,205.527272727273
14,307.28390596745,236.142857142857
14,315.670542635659,192.158914728682
15,82.1,203.6
15,86.3783783783784,233.540540540541
15,86,162.745454545455
15,108.974885844749,268.645357686454
15,116.37148217636,143.846153846154
15,137.448275862069,133.172413793103
15,146.01083032491,305.14440433213
15,150,134
15,189.741556534508,71.4126284875184
15,205.5,141
15,215.839002267574,318.167800453515
15,255.041388518024,160.834445927904
15,274.259259259259,211.493055555556
15,272.842105263158,245.842105263158
15,316.223140495868,279.00826446281
16,95.6375838926175,239.116331096197
16,94,201.61797752809
16,99.8451612903226,167.387096774194
16,136.327731092437,113.539915966387
16,142.369565217391,138.891304347826
16,193.569808027923,112.925828970332
16,218.974811083123,308.685138539043
16,246.795275590551,137.40157480315
16,261.642767295597,257.927044025157
16,274.310645724258,90.0506108202443
16,304.140127388535,170.885350318471
17,89.7485714285714,189.48
17,121.271689497717,198.452054794521
17,151.168316831683,137.128712871287
17,183.486301369863,286.294520547945
17,201.494152046784,109.81432748538
17,211.646666666667,330.726666666667
17,241.333333333333,285.875
17,264.693290734824,157.044728434505
17,297.938013442868,257.259148618372
17,301.585434173669,186.250700280112
18,97.5070422535211,150.56338028169
18,131.993158182813,217.974548440066
18,136.5,134.5
18,154.813471502591,135.826424870466
18,173.720238095238,284.986904761905
18,182,251.285714285714
18,184,268.5
18,208.842105263158,107.157894736842
18,224.030035335689,134.439929328622
18,235.977358490566,278.28679245283
18,244.5,160.5
18,258.134831460674,163.38202247191
18,271.967661691542,139.686567164179
18,281.223946784922,257.59534368071
18,284.8,190
18,298.805755395683,218.323741007194
19,116.095757575758,176.530909090909
19,103.5,148.5
19,144.359961501444,127.940327237729
19,153.523378582202,278.797888386124
19,199.899408284024,128.289940828402
19,211.744897959184,293.520408163265
19,229,291
19,260.867704280156,161.56420233463
19,268,262.666666666667
20,119,166.951635846373
20,114.148205928237,225.667706708268
20,136.27397260274,242.095890410959
20,152.885082872928,120.881767955801
20,145.111111111111,305
20,151.636363636364,284.904958677686
20,175.5,300.358407079646
20,211.016835016835,115.248316498316
20,224.51746031746,293.115873015873
20,235.166666666667,133.833333333333
20,264.972811310495,149.68515497553
20,245.223300970874,257.461165048544
20,278.576470588235,208.005882352941
20,287.175572519084,255.30534351145
20,291.521126760563,191.30985915493
20,298.936170212766,201.851063829787
21,131.526181353768,234.775223499361
21,129,160
21,153.364016736402,124.213389121339
21,178.1866359447,276.479262672811
21,214.161001788909,293.94633273703
21,225.595744680851,118.297872340426
21,238.776371308017,284.278481012658
21,299.636492220651,183.847241867044
22,105.468531468531,233.240093240093
22,99.1666666666667,250.833333333333
22,115.960954446855,165.555314533623
22,124.487179487179,243.115384615385
22,128,193.5
22,130.902777777778,216.083333333333
22,137,184
22,156.341747572816,114.616504854369
22,160.05415860735,258.10251450677
22,185.5,211
22,212.599562363239,290.579868708972
22,206.214285714286,311.5
22,222.560975609756,121.951219512195
22,257.289068825911,141.284210526316
22,228.507462686567,107.850746268657
22,248.587871287129,250.62004950495
22,279.466666666667,187.340579710145
22,292.951219512195,155.90243902439
22,298.5,177.5
23,111.499381953028,158.058096415328
23,115.802173913043,239.689130434783
23,135.336,136.444
23,131.076923076923,115.961538461538
23,134.88,173.2
23,158.687165775401,279.49376114082
23,171,133.7
23,188.795275590551,89.0629921259843
23,186.5,155.5
23,188,310.5
23,190.588235294118,114.882352941176
23,213.215053763441,302.880376344086
23,207,105
23,232.937765205092,109.178217821782
23,224.267605633803,274.915492957746
23,236,177.5
23,245.653846153846,255.653846153846
23,272.722054380665,153.868580060423
23,257.105263157895,274.789473684211
23,293.167506297229,220.832493702771
24,118.194594594595,176.875675675676
24,120.462633451957,222.23487544484
24,149.625628140704,287.165829145729
24,153.944155844156,112.946753246753
24,206.967032967033,296.864468864469
24,212.335820895522,116.977611940299
24,225.04,138.893333333333
24,232,88.5
24,246,150.5
24,249,261.5
24,278.073513513513,188.019459459459
24,269.492307692308,277.415384615385
25,105.878205128205,178.130341880342
25,98,115.5
25,112.622377622378,227.818181818182
25,113.111111111111,246.666666666667
25,135.666666666667,257.125
25,143.055555555556,123.697530864198
25,156.793233082707,252.966165413534
25,155.552631578947,295.447368421053
25,180.75,116
25,200.333333333333,106.203703703704
25,219.463126843658,277.224926253687
25,255.478260869565,121.045893719807
25,273.073626373626,233.050549450549
25,256.5,215.5
25,282.097157964309,166.511566424323
26,121.818270165209,171.256559766764
26,124.859463276836,225.46186440678
26,150.482470784641,283.0367278798
26,183.266723842196,115.569039451115
26,156.333333333333,152.888888888889
26,187.827586206897,138.896551724138
26,212.372836218376,298.833555259654
26,198.157894736842,85.1578947368421
26,256.160493827161,148.396433470508
26,253.8,283.464935064935
26,278.525506638714,209.379454926625
26,308.5,259
27,91.1247803163445,180.7539543058
27,111.039355992844,258.737030411449
27,116.505415162455,137.178098676294
27,128,241.714285714286
27,168.520559210526,288.351973684211
27,190.692567567568,113.378378378378
27,256.817689530686,113.427797833935
27,256.782608695652,186.304347826087
27,265.861111111111,228.388888888889
27,287.081709145427,164.810344827586
27,305.159388646288,226.542576419214
28,100.108013937282,194.861788617886
28,99.3695652173913,155.358695652174
28,132.654069767442,237.236918604651
28,153.034482758621,143.206896551724
28,172.413260672116,281.028156221617
28,180.936585365854,101.936585365854
28,218.425806451613,303.877419354839
28,256.347222222222,286.847222222222
28,264.91059602649,88.3609271523179
28,281.826991676576,246.19322235434
28,265.714285714286,145
28,285.907438016529,155.490909090909
28,309.487341772152,180.215189873418
29,114.324675324675,174.722943722944
29,104.5,231
29,115.278481012658,207.240506329114
29,105.285714285714,273
29,115.711267605634,277.267605633803
29,145.092307692308,253.812587412587
29,131.447368421053,158.940789473684
29,155.113756613757,107.029100529101
29,158.375,296.270833333333
29,190.65306122449,283.440233236152
29,220.872576177285,120.024930747922
29,237.86299765808,266.812646370023
29,256.071065989848,140.46192893401
29,258.430420711974,216.485436893204
29,267.573369565217,162.921195652174
29,289.769679300292,193.247813411079
29,296.184210526316,147.526315789474
30,117.676954042268,236.377054679638
30,128.657105606258,150.950456323338
30,159.721854304636,125.947965941343
30,164.995815899582,254.665271966527
30,205.082281952825,292.967635765222
30,213.365583456425,107.776957163959
30,282.838635197537,181.463314520267
30,260.541022592152,268.390011890606
30,267.828571428571,110.464285714286
